0
0
0
0
0
0
0
0
0
0
0
0
115964116992
69523906938994688
3440749969315708928
9223369803505328128
9223372032694024192
18446744004998462464
4611681603203103744
4611121968962600448
2017612633062113024
2161727821137903360
1080863910568984448
1080863910568951680
1116892707587915648
1116892707587915712
558446353793955776
270215977642246080
279223176896987104
135107988823203808
67553994418421728
139611588482039792
65302194731089904
69805794760855536
34902898183768048
34902899251217136
35465849179472880
35465851326956528
35747326270112760
17732927425086456
17873668805755384
4362869923643896
4433238936257528
4433247526192120
4468431898280952
2216632084595696
2234224270641136
1108316042299360
1117107974574016
558556067663808
277079010582400
134142498995968
30787395649024
13194676403200
268419072
0
0
0
0
0
0
0
0
0
20667898040
4611686018427387900
9223372036854767616
0
0
0
0
0
0
0
0
0
0
0
0
0
15
